2032	2035	2029	2059	2068	2052	2069	2051	
2067	2063	2062	2064	2062	2044	2066	2038	
2063	2056	2060	2066	2065	2059	2070	2054	
2071	2055	2070	2058	2067	2064	2068	2066	
2075	2066	2079	2068	2080	2064	2077	2054	
2069	2053	2067	2058	2076	2063	2076	2068	
2068	2072	2071	2079	2085	2086	2088	2086	
2081	2082	2083	2081	2092	2084	2092	2086	
2084	2082	2085	2076	2092	2069	2090	2060	
2077	2062	2074	2072	2087	2075	2094	2076	
2086	2083	2082	2080	2086	2070	2083	2074	
2080	2086	2085	2089	2080	2089	2071	2084	
2072	2079	2075	2085	2071	2088	2069	2083	
2071	2085	2073	2084	2071	2077	2063	2082	
2061	2093	2071	2095	2075	2093	2066	2086	
2061	2080	2062	2082	2059	2087	2060	2091	
2072	2092	2079	2084	2075	2080	2072	2086	
2076	2088	2083	2086	2087	2085	2088	2083	
2088	2087	2094	2097	2102	2097	2102	2083	
2096	2070	2088	2068	2079	2074	2081	2079	
2094	2086	2104	2089	2100	2081	2092	2072	
2094	2069	2100	2068	2097	2070	2088	2067	
2085	2054	2083	2052	2076	2066	2075	2067	
2087	2062	2093	2071	2092	2079	2092	2075	
2093	2078	2091	2086	2088	2091	2086	2096	
2086	2100	2090	2101	2091	2101	2087	2102	
2082	2104	2081	2106	2086	2106	2095	2109	
2099	2116	2097	2116	2094	2105	2091	2098	
2088	2099	2089	2097	2088	2094	2086	2096	
2086	2096	2079	2090	2074	2085	2079	2088	
2082	2096	2079	2099	2082	2094	2084	2090	
2082	2089	2082	2087	2083	2092	2081	2100	
2087	2100	2095	2095	2091	2090	2079	2085	
2070	2087	2074	2095	2083	2100	2083	2104	
2078	2108	2080	2102	2085	2098	2081	2103	
2075	2101	2076	2088	2079	2083	2080	2089	
2085	2091	2091	2086	2087	2084	2083	2084	
2085	2081	2092	2085	2103	2098	2108	2096	
2104	2081	2102	2078	2110	2080	2111	2077	
2102	2079	2094	2078	2095	2072	2098	2074	
2098	2080	2099	2082	2107	2085	2111	2082	
2106	2074	2104	2074	2100	2078	2095	2085	
2103	2091	2111	2088	2104	2085	2098	2092	
2102	2097	2104	2092	2101	2092	2099	2094	
2097	2091	2092	2082	2089	2075	2087	2079	
2087	2084	2090	2082	2091	2077	2094	2070	
2094	2067	2091	2075	2090	2081	2090	2075	
2087	2072	2084	2075	2083	2077	2081	2085	
2084	2094	2087	2090	2081	2084	2076	2093	
2079	2103	2083	2100	2089	2091	2086	2086	
2071	2088	2065	2091	2077	2086	2078	2084	
2066	2092	2066	2095	2075	2089	2076	2087	
2072	2092	2075	2096	2080	2095	2085	2091	
2088	2091	2091	2092	2096	2089	2095	2090	
2089	2087	2093	2076	2096	2065	2085	2061	
2079	2065	2080	2067	2081	2065	2084	2065	
2079	2074	2074	2079	2082	2069	2081	2060	
2070	2065	2070	2069	2073	2062	2071	2060	
2077	2069	2083	2077	2084	2073	2085	2069	
2082	2071	2076	2079	2080	2087	2085	2089	
2087	2088	2086	2089	2080	2088	2075	2088	
2078	2094	2080	2102	2084	2105	2089	2099	
2089	2087	2088	2089	2092	2101	2093	2101	
2092	2090	2094	2089	2095	2097	2101	2102	
2107	2103	2110	2106	2110	2107	2106	2096	
2099	2089	2097	2096	2095	2095	2088	2087	
2091	2090	2096	2093	2089	2091	2087	2093	
2094	2087	2096	2080	2093	2089	2091	2092	
2087	2083	2084	2085	2077	2093	2069	2089	
2068	2086	2066	2088	2062	2092	2063	2096	
2061	2093	2057	2089	2059	2096	2064	2102	
2072	2101	2083	2104	2087	2076	2064	2071	
2061	2064	2058	2063	2060	2066	2062	2069	
2060	2067	2062	2065	2065	2066	2062	2062	
2060	2060	2063	2064	2067	2066	2071	2064	
2071	2062	2067	2064	2068	2065	2071	2064	
2066	2061	2064	2061	2069	2062	2070	2059	
2067	2057	2066	2058	2064	2060	2063	2058	
2063	2060	2064	2067	2066	2072	2070	2070	
2070	2065	2066	2064	2064	2065	2066	2065	
2069	2066	2068	2066	2065	2063	2063	2061	
2062	2062	2063	2068	2066	2073	2069	2070	
2071	2063	2065	2060	2060	2060	2063	2061	
2064	2063	2061	2061	2062	2055	2060	2054	
2056	2059	2059	2062	2062	2058	2058	2054	
2054	2053	2053	2054	2053	2056	2057	2059	
2059	2062	2058	2061	2058	2056	2056	2055	
2051	2055	2051	2056	2052	2058	2050	2060	
2050	2061	2050	2059	2046	2053	2046	2054	
2046	2062	2046	2062	2045	2054	2044	2052	
2043	2057	2044	2058	2043	2052	2044	2045	
2046	2045	2043	2045	2038	2043	2041	2043	
2045	2047	2047	2050	2048	2048	2050	2046	
2051	2047	2050	2049	2051	2047	2050	2043	
2047	2044	2047	2048	2052	2049	2053	2048	
2051	2045	2048	2041	2045	2038	2045	2040	
2051	2041	2054	2038	2051	2038	2051	2040	
2052	2042	2050	2043	2053	2048	2059	2049	
2059	2047	2056	2044	2057	2044	2058	2045	
2058	2045	2059	2042	2059	2040	2058	2042	
2058	2044	2058	2043	2055	2043	2053	2044	
2049	2044	2045	2042	2046	2041	2045	2042	
2041	2043	2040	2038	2038	2036	2034	2040	
2034	2039	2036	2038	2034	2045	2037	2053	
2041	2054	2042	2049	2039	2047	2037	2052	
2038	2052	2040	2045	2034	2045	2029	2051	
2033	2050	2037	2049	2037	2052	2039	2051	
2039	2045	2034	2043	2033	2046	2038	2046	
2042	2044	2042	2044	2042	2043	2041	2045	
2041	2046	2043	2044	2041	2041	2034	2044	
2038	2046	2048	2045	2048	2044	2042	2046	
2046	2044	2046	2038	2038	2032	2034	2030	
2037	2034	2040	2038	2045	2038	2045	2034	
2036	2032	2034	2034	2038	2036	2038	2036	
2037	2037	2040	2040	2041	2037	2039	2031	
2038	2032	2038	2035	2039	2033	2040	2031	
2041	2035	2042	2037	2039	2035	2036	2035	
2039	2037	2047	2038	2050	2037	2046	2034	
2041	2034	2042	2033	2044	2033	2040	2033	
2036	2034	2039	2037	2041	2038	2036	2034	
2029	2033	2028	2036	2032	2039	2038	2041	
2040	2042	2039	2039	2039	2038	2039	2039	
2036	2037	2035	2039	2037	2044	2038	2044	
2036	2041	2035	2041	2034	2041	2031	2039	
2030	2037	2031	2040	2033	2041	2036	2036	
2032	2034	2028	2039	2031	2037	2034	2032	
2029	2033	2028	2037	2032	2036	2033	2034	
2032	2033	2032	2034	2034	2036	2034	2035	
2127	2093	2150	2093	2154	2093	2154	2117	
2166	2154	2160	2150	2159	2143	2182	2171	
2200	2199	2212	2212	2208	2218	2188	2215	
2176	2202	2161	2171	2137	2148	2139	2162	
2151	2169	2150	2156	2145	2146	2143	2133	
2142	2120	2128	2117	2115	2126	2136	2142	
2165	2146	2156	2123	2132	2102	2126	2103	
2129	2104	2146	2107	2171	2114	2164	2102	
2134	2075	2116	2061	2119	2060	2132	2061	
2142	2057	2146	2061	2151	2088	2148	2103	
2144	2091	2152	2084	2145	2080	2129	2085	
2140	2107	2161	2122	2163	2134	2150	2136	
2110	2097	2053	2071	2035	2082	2061	2089	
2102	2114	2133	2143	2132	2124	2119	2111	
2136	2142	2160	2156	2162	2147	2164	2143	
2160	2123	2121	2087	2087	2062	2100	2055	
2115	2056	2084	2040	2036	2022	2029	2034	
2054	2054	2065	2064	2057	2073	2045	2080	
2046	2094	2067	2122	2080	2124	2062	2091	
2035	2067	2035	2068	2070	2070	2106	2067	
2118	2073	2132	2092	2149	2108	2144	2116	
2122	2122	2095	2112	2074	2101	2066	2100	
2058	2081	2038	2040	2008	2007	1983	1981	
1994	1979	2042	2019	2072	2054	2075	2050	
2073	2028	2065	2016	2065	2027	2091	2064	
2110	2105	2110	2129	2085	2121	2045	2098	
2050	2124	2113	2184	2149	2195	2133	2169	
2110	2148	2095	2122	2083	2104	2085	2107	
2098	2111	2108	2117	2102	2119	2084	2099	
2079	2075	2078	2065	2063	2078	2065	2098	
2066	2093	2045	2082	2043	2086	2054	2070	
2043	2048	2040	2054	2046	2064	2041	2068	
2042	2069	2027	2054	2006	2057	2030	2092	
2060	2104	2048	2085	2041	2084	2071	2097	
2081	2109	2044	2098	2006	2041	2005	2005	
2026	2040	2050	2074	2063	2070	2049	2051	
2034	2029	2037	2036	2045	2064	2061	2088	
2094	2127	2116	2156	2098	2124	2049	2063	
2019	2044	2051	2089	2121	2157	2159	2198	
2137	2191	2083	2143	2049	2114	2073	2144	
2117	2178	2104	2153	2049	2096	2030	2073	
2060	2094	2100	2119	2138	2132	2166	2141	
2166	2144	2155	2131	2137	2094	2091	2043	
2052	2014	2065	2028	2104	2061	2115	2078	
2109	2072	2090	2047	2035	1985	1980	1916	
1977	1903	2034	1961	2105	2031	2112	2034	
2045	1973	1990	1927	1980	1922	1989	1948	
2006	1986	2008	1997	1994	1997	2013	2040	
2069	2099	2100	2116	2068	2087	2023	2060	
2024	2065	2032	2060	2008	2026	1991	2011	
2013	2039	2046	2064	2052	2048	2030	2016	
2016	2004	2026	2017	2052	2045	2084	2072	
2097	2074	2073	2051	2031	2025	2006	2002	
1996	1975	1973	1952	1947	1949	1941	1947	
1953	1940	1971	1961	2004	2012	2053	2054	
2077	2056	2050	2014	2013	1967	2003	1961	
2021	1994	2066	2028	2110	2029	2124	2029	
2124	2053	2116	2055	2096	2027	2091	2017	
2089	2019	2062	2019	2048	2035	2065	2052	
2075	2037	2050	2006	1999	1983	1965	1964	
1971	1958	1979	1967	1981	1965	1986	1958	
1975	1965	1964	1974	1977	1978	1974	1975	
1949	1960	1945	1957	1962	1991	1984	2029	
1994	2032	1989	2024	2010	2041	2054	2070	
2075	2101	2073	2117	2075	2099	2089	2103	
2116	2146	2119	2158	2100	2158	2094	2155	
2094	2122	2090	2116	2107	2152	2135	2176	
2144	2198	2140	2194	2138	2157	2143	2157	
2153	2178	2168	2184	2179	2205	2182	2209	
2182	2187	2171	2212	2171	2252	2206	2263	
2245	2293	2258	2324	2261	2319	2248	2307	
2209	2271	2181	2220	2180	2208	2172	2194	
2142	2144	2091	2095	2045	2052	2031	2021	
2026	2030	2012	2042	2015	2024	2017	2018	
1995	2037	1987	2047	1986	2034	1970	2017	
1964	2024	1951	2033	1924	2015	1927	2001	
1948	2002	1951	1991	1937	1971	1900	1944	
1864	1909	1873	1907	1897	1944	1907	1969	
1906	1961	1886	1936	1881	1922	1903	1923	
1897	1924	1877	1912	1873	1889	1877	1884	
1913	1922	1971	1965	1991	1974	1978	1955	
1962	1934	1948	1938	1967	1954	2002	1960	
2012	1974	2018	1998	2024	1997	2021	1987	
2034	1990	2068	1997	2096	2012	2102	2023	
2096	2020	2094	2025	2096	2039	2103	2033	
2122	2021	2134	2016	2126	2119	2142	2158	
2146	2178	2117	2162	2102	2142	2102	2124	
2091	2119	2083	2131	2073	2119	2059	2089	
2051	2095	2055	2111	2074	2095	2077	2077	
2058	2070	2049	2056	2044	2050	2037	2059	
2038	2059	2035	2064	2046	2088	2056	2098	
2043	2082	2049	2070	2070	2072	2058	2077	
2044	2078	2046	2069	2050	2061	2061	2073	
2070	2086	2082	2074	2105	2063	2116	2069	
2113	2071	2107	2061	2105	2059	2095	2066	
2076	2064	2071	2055	2079	2047	2078	2043	
2071	2038	2074	2031	2079	2033	2078	2045	
2089	2048	2118	2056	2138	2093	2151	2127	
2162	2111	2142	2065	2095	2037	2074	2032	
2105	2049	2141	2083	2131	2086	2093	2053	
2066	2033	2063	2032	2086	2043	2112	2068	
2124	2095	2129	2111	2112	2103	2072	2075	
2058	2066	2076	2086	2086	2108	2092	2116	
2095	2097	2067	2063	2029	2050	2020	2060	
2048	2082	2072	2105	2043	2091	1991	2046	
1983	2030	2003	2050	2027	2072	2060	2085	
2075	2083	2060	2072	2040	2055	2028	2029	
2028	2028	2047	2053	2072	2068	2098	2082	
2118	2114	2120	2123	2103	2098	2080	2076	
2072	2079	2093	2110	2116	2145	2105	2139	
2090	2103	2087	2083	2071	2083	2072	2098	
2103	2126	2112	2141	2103	2136	2105	2137	
2099	2146	2074	2140	2063	2114	2076	2086	
2092	2097	2099	2134	2103	2130	2087	2098	
2054	2079	2046	2066	2067	2075	2086	2106	
2108	2117	2116	2106	2090	2078	2062	2051	
2066	2059	2099	2084	2138	2118	2150	2144	
2126	2126	2091	2085	2066	2060	2066	2077	
2090	2134	2093	2155	2062	2117	2044	2090	
2047	2109	2055	2147	2085	2163	2110	2162	
2101	2152	2092	2133	2097	2145	2105	2187	
2128	2195	2143	2177	2123	2159	2102	2137	
2105	2120	2112	2112	2104	2105	2108	2110	
2141	2134	2166	2164	2160	2166	2137	2144	
2111	2129	2104	2116	2124	2104	2131	2120	
2116	2144	2105	2131	2107	2096	2133	2100	
2182	2145	2196	2166	2164	2149	2145	2122	
2157	2098	2169	2092	2157	2104	2128	2103	
0508	1021	4092	1021	0508	1532	4092	2044	
3068	2556	1531	2555	0507	1019	1531	2555	
3067	4092	1532	2555	2043	1531	3067	2556	
2556	3580	3068	4091	1019	1019	1019	3066	
3067	3578	3580	0507	0508	3068	2555	2555	
2043	3579	3067	0507	3067	0507	2554	3578	
3066	1530	1530	3578	3067	2042	3578	4090	
1019	1018	3579	0506	2041	2042	1017	1017	
1018	4090	1531	1531	1020	0507	4092	1019	
3579	2043	3577	1530	0505	3065	1018	3065	
3066	2554	3578	1018	4088	2553	2552	1016	
1017	0505	0506	2554	4090	2554	2042	3578	
2554	1018	1017	1530	2553	2553	2041	3065	
3065	3577	0505	2553	2041	0505	0504	2041	
3065	1529	3577	3577	2553	2553	1528	1528	
1016	0504	0505	3577	3577	4088	2042	1017	
4091	3577	1531	1017	3578	0505	4089	3576	
3065	3575	3065	3575	3066	4089	2555	3065	
2554	2553	0507	4090	2556	2042	1019	4091	
3579	0507	2043	4091	4090	1531	2554	3067	
3579	4091	1532	4092	3068	4093	2045	3582	
3070	2558	2045	2557	3069	3069	2557	4093	
4093	2045	1022	2558	3582	4095	2047	1023	
0510	0510	3582	1535	1535	3583	2559	2559	
3070	2558	3069	2557	2556	2556	1532	3069	
1533	2045	2558	2558	1533	2559	1021	3072	
3070	3584	1535	1025	2559	1024	1534	3583	
1020	1534	1019	2046	4091	1534	3580	1535	
1534	0000	4094	2048	1021	3071	4092	4094	
3580	2558	1020	1535	2044	0511	3579	3582	
3579	1535	1531	0511	2043	4095	3066	3070	
1019	3582	0507	4094	1530	1022	2555	3581	
4091	2045	2556	3582	1532	4094	3068	2046	
3067	1022	3580	4094	2045	1022	1533	2046	
2044	1022	2556	2046	2557	4094	4093	3070	
0510	3582	0510	1022	1534	2559	1022	2558	
3069	1534	3070	3070	1535	3070	3072	0510	
0512	3070	1536	2558	2048	2046	3584	2558	
1024	1534	2561	2559	2561	3583	2560	2558	
3583	0509	2559	1534	2048	1023	2048	3071	
1536	0512	1537	1536	2049	1536	1025	0517	
0006	1029	2053	3589	1027	0004	2051	2052	
3076	1540	2052	1028	2052	2052	1539	0516	
2050	1027	2049	1027	2562	2051	3586	2052	
1538	0004	1026	0004	3586	1028	3585	2052	
0001	0004	1025	1028	1537	3075	2049	1027	
2561	2052	2049	3075	1536	1026	3585	2050	
2049	3586	2561	1026	1025	3074	0001	1026	
0001	0514	1025	3586	3585	1026	0001	0514	
1025	0002	2561	2050	2049	2049	2562	2049	
0002	0002	2050	1026	3074	3586	1026	2562	
1026	1026	2562	2562	2562	0002	3587	1538	
1026	1026	2562	2050	1026	0514	0515	0002	
3075	3074	3587	1538	3587	2049	2563	3586	
3587	1538	2051	2562	3075	3074	1539	0003	
1540	3074	0003	1538	0004	1027	2564	1028	
1540	3076	1028	3076	0516	1539	3076	3587	
1028	2051	2563	2051	1027	3586	0515	0515	
2563	1539	1540	3076	2565	2052	0517	0005	
2566	3588	3078	1540	3589	2564	0004	1540	
0516	2564	2053	2053	0517	2564	1029	0004	
1541	3588	2053	3076	1029	2053	1029	3076	
1029	1029	2054	2566	0006	0519	2054	1543	
2566	3078	0517	0518	2565	0517	1542	3078	
2054	3591	2053	0519	2053	2053	3589	2053	
0005	0005	1542	0518	1030	0519	2566	3079	
3590	0518	1541	1030	0005	2566	2052	3589	
1540	3078	0004	3078	3076	2053	3077	2565	
2053	2054	0005	1030	0517	2566	0517	2566	
1541	0005	0517	0517	0005	0518	2565	3590	
0518	1030	2054	0005	3078	2052	0518	2564	
2054	2565	3590	1542	3078	3078	1542	3077	
2565	0004	1540	0004	1028	2564	3589	0516	
2053	1028	2565	0516	1029	0004	1029	0517	
0517	2565	1029	0004	3589	1540	0005	1540	
3076	1027	2563	2561	1539	2562	2052	3586	
0005	0003	1029	0515	1030	3587	2053	0002	
1028	3074	1028	0514	1028	0002	2053	2562	
0004	1024	2562	3071	3586	1535	3075	2048	
3076	0001	1539	3073	0003	0512	0002	2047	
2563	4095	0515	4094	3587	1534	1538	2047	
0002	3584	0514	3583	2050	1535	1026	2560	
1539	3584	2050	0511	3584	0509	0511	4093	
3072	3583	1026	3585	1026	0001	3584	2046	
0000	2557	0001	0510	2561	0510	2048	2046	
3072	2558	3072	0510	1535	2557	3582	4093	
3071	3582	1024	1022	1024	0510	2559	1533	
3581	4093	2045	4094	0510	3582	1023	4094	
3582	2557	4093	2045	2045	2045	1020	2046	
2044	2557	0508	4093	2042	2045	1018	2045	
1531	3070	2556	0511	1021	0512	1533	2048	
3068	2559	1020	3072	2045	2560	4093	2049	
0508	3585	4092	3073	4091	0001	1020	2561	
0509	1025	3583	0513	1535	2562	3582	1025	
0509	1537	0510	3073	0510	0514	1534	1027	
3582	1538	3069	0513	3582	3073	2046	3073	
4093	0513	0509	3585	4093	2048	2557	0511	
1533	1535	0509	3071	4092	2047	4091	0511	
0507	2047	1532	4095	1533	2048	4092	4095	
1532	3071	0509	1023	1021	2047	1533	2047	
0508	2558	1532	3069	2557	3581	4093	4093	
4093	4093	3582	4093	4093	2045	3068	3580	
3580	0508	2556	1020	3580	4092	2045	1020	
1021	1532	1021	3579	1532	2043	0509	2555	
2558	2044	2559	3069	2558	1532	3581	3067	
0509	4091	3581	3579	0509	4090	3581	4090	
1533	3579	1022	4091	1022	1531	4095	3066	
1023	1018	0510	2554	0508	0506	3580	0506	
0510	3578	2558	2042	3581	0505	3581	3065	
0510	1018	1534	2043	4094	2554	3580	4089	
1532	1017	3580	4090	3579	3065	2042	1016	
4091	2039	1532	1529	1020	1018	4091	3065	
4090	1529	3578	0505	1019	1529	2043	2553	
4091	4088	1531	3576	3067	4088	3578	1528	
1529	2040	1530	3065	3578	0506	1019	2043	
1532	3067	3579	1530	1018	0505	2043	1530	
3579	3579	3579	0507	2554	1530	1530	4089	
1018	4090	1019	1530	1019	3066	2043	1020	
2555	4092	1019	2044	3067	2045	3580	1021	
4092	3582	2556	4094	3581	0510	1533	2558	
1533	2046	3580	3582	4092	4094	4092	4094	
0508	4094	0508	1534	2556	4094	0509	4093	
1021	2045	1021	3581	3581	4093	0508	1533	
3068	0510	3580	1021	3580	1021	2045	4093	
2557	3069	1533	1533	1021	2557	0508	2557	
4093	3581	0508	3069	3068	4093	1020	1533	
4093	1021	2045	3581	1533	1533	2556	1021	
4092	0509	2556	4093	3579	1532	1019	0508	
2233	1886	2169	1890	2168	2062	2196	2114	
2196	2102	2332	2150	2552	2066	2547	1924	
2357	2026	2336	2238	2494	2230	2543	2024	
2435	1912	2363	2010	2448	2080	2521	1970	
2439	1790	2321	1638	2245	1586	2177	1650	
2159	1734	2123	1757	1991	1713	1975	1642	
2073	1579	1955	1539	1691	1555	1641	1581	
1729	1575	1779	1625	1901	1681	2033	1643	
1969	1533	1757	1447	1639	1563	1667	1815	
1717	1999	1826	2090	2105	1990	2179	1687	
1853	1557	1597	1733	1691	1949	1859	1927	
1973	1740	2085	1640	2143	1638	2095	1706	
2053	1878	2099	1930	2137	1727	1973	1389	
1693	1179	1569	1295	1603	1617	1697	1791	
1833	1763	1867	1651	1689	1441	1449	1147	
1197	0945	0963	0997	0929	1277	1109	1507	
1263	1517	1285	1483	1221	1549	1087	1611	
1019	1711	1073	1843	1167	1819	1219	1787	
1199	1963	1248	2115	1468	2103	1618	2197	
1636	2411	1660	2387	1643	2023	1575	1747	
1603	1825	1743	1933	1901	1953	1994	2133	
2046	2270	2107	2037	2027	1707	1793	1619	
1637	1691	1631	1789	1667	1887	1667	1927	
1679	1899	1641	1775	1437	1609	1271	1581	
1297	1653	1337	1641	1367	1573	1431	1539	
1381	1527	1249	1607	1281	1663	1391	1467	
1309	1191	1163	1203	1173	1429	1167	1519	
1179	1495	1417	1559	1623	1547	1611	1351	
1609	1209	1679	1249	1697	1363	1753	1503	
1817	1575	1787	1477	1819	1369	1953	1377	
1893	1299	1637	1073	1487	0987	1417	1083	
1277	1079	1113	0971	0977	0983	0973	1085	
1099	1035	1131	0825	1017	0767	0943	0911	
0879	1003	0761	0997	0743	1013	0849	0989	
0857	0969	0733	1039	0671	1101	0645	1165	
0567	1261	0639	1299	0805	1241	0753	1141	
0661	1043	0747	1061	0727	1171	0643	1227	
0823	1229	1091	1219	1203	1171	1211	1145	
1223	1215	1257	1279	1275	1221	1299	1113	
1309	1009	1201	0925	1009	0919	0915	0977	
0999	1051	1203	1135	1349	1215	1383	1263	
1397	1265	1373	1221	1283	1199	1315	1245	
1467	1297	1613	1383	1797	1505	1859	1539	
1669	1545	1575	1655	1717	1705	1691	1647	
1425	1693	1279	1795	1329	1741	1337	1609	
1239	1505	1209	1375	1257	1279	1233	1249	
1109	1167	0971	1061	0853	1073	0843	1081	
0935	0919	0957	0779	0837	0817	0713	0893	
0775	0897	0927	0869	0937	0827	0867	0813	
0947	0885	0983	1009	0801	1157	0781	1399	
1115	1653	1361	1703	1313	1525	1245	1413	
1283	1583	1343	1873	1387	2021	1416	2049	
1496	2059	1601	2011	1557	1907	1449	1885	
1461	1961	1509	1945	1451	1739	1409	1611	
1469	1693	1507	1665	1439	1445	1353	1369	
1333	1413	1307	1277	1257	1089	1229	1059	
1197	1035	1143	0913	1095	0869	0951	0991	
0777	1123	0843	1145	1087	1081	1167	1067	
1057	1205	1019	1399	1171	1491	1347	1533	
1415	1687	1507	1879	1703	1951	1837	1959	
1944	2070	2162	2182	2224	2147	2024	2095	
2010	2202	2310	2316	2498	2308	2452	2294	
2416	2332	2426	2282	2372	2088	2301	1968	
2387	2040	2566	2076	2605	2004	2517	1982	
2451	2026	2401	2034	2337	1924	2253	1676	
2125	1405	2027	1294	2069	1396	2221	1626	
2363	1814	2463	1850	2491	1784	2419	1750	
2241	1870	2082	2112	2142	2298	2426	2320	
2670	2312	2806	2386	2924	2482	2902	2596	
2754	2748	2736	2812	2838	2798	2860	2838	
2816	2870	2810	2798	2796	2758	2702	2866	
2722	2918	2852	2822	2808	2746	2620	2776	
2608	2748	2598	2634	2388	2626	2288	2692	
2450	2672	2584	2584	2548	2460	2466	2328	
2400	2334	2344	2506	2318	2636	2360	2654	
2468	2648	2518	2586	2414	2476	2244	2454	
2244	2516	2494	2536	2676	2516	2586	2650	
2506	2984	2668	3134	2838	2890	2816	2692	
2760	2912	2838	3162	2970	3032	2900	2836	
2740	2988	2782	3264	2884	3254	2838	3030	
2742	2882	2672	2808	2586	2734	2510	2792	
2560	2980	2692	3036	2772	2934	2828	2758	
2852	2586	2792	2588	2794	2746	2918	2784	
2978	2694	2942	2758	3072	2942	3414	2996	
3550	2934	3374	2962	3322	3056	3470	3028	
3474	2890	3280	2846	3242	3026	3588	3266	
3940	3292	3868	3062	3640	2850	3504	2800	
3296	2748	3062	2606	2992	2558	3028	2602	
3046	2514	2956	2362	2764	2366	2638	2454	
2600	2408	2514	2262	2440	2204	2420	2268	
2360	2374	2414	2498	2658	2598	2742	2594	
2562	2460	2404	2282	2394	2210	2444	2308	
2424	2522	2432	2808	2640	3000	2848	2864	
2864	2556	2826	2448	2676	2508	2412	2546	
2386	2652	2636	2898	2870	3056	2954	3012	
2834	2848	2596	2658	2476	2502	2420	2398	
2260	2301	2040	2203	1848	2197	1824	2243	
1968	2143	1915	1937	1659	1945	1616	2067	
1621	1853	1319	1411	1059	1311	1199	1543	
1471	1743	1559	1821	1543	1821	1503	1703	
1425	1573	1357	1593	1409	1761	1549	1955	
1691	2033	1903	1990	2123	1937	2043	1927	
1749	1971	1698	2085	1938	2238	2176	2352	
2244	2384	2216	2340	2226	2242	2174	2162	
2056	2144	2098	2122	2138	2095	1868	2057	
1673	1991	1869	1923	1997	1909	1857	1957	
1775	1955	1719	1807	1533	1607	1479	1477	
1641	1423	1701	1467	1641	1501	1663	1427	
1735	1351	1677	1325	1615	1343	1719	1349	
1843	1243	1835	1153	1821	1333	1907	1661	
2045	1828	2169	1778	2165	1649	2019	1545	
1851	1533	1741	1559	1685	1559	1697	1667	
1743	1933	1723	1983	1613	1683	1469	1417	
1317	1311	1253	1203	1267	1225	1233	1479	
1183	1591	1277	1353	1383	1115	1255	1083	
1027	1049	1041	0991	1191	1147	1125	1245	
0967	1023	0949	0907	0911	1077	0889	1199	
1025	1161	1139	1089	1117	1007	1095	0913	
1115	0905	1141	1047	1195	1187	1313	1207	
1435	1213	1509	1253	1509	1313	1377	1377	
1275	1427	1405	1519	1551	1637	1517	1689	
1509	1645	1571	1579	1515	1509	1449	1425	
1461	1361	1373	1421	1255	1529	1359	1531	
1545	1463	1561	1453	1521	1571	1607	1727	
1699	1697	1593	1529	1461	1611	1613	1927	
1858	2087	1908	2167	1970	2408	2134	2384	
2482	2290	2352	2142	2354	2182	2480	2226	
2446	2116	2276	2066	2204	2152	2238	2086	
4085	4087	2038	4088	2039	2042	4087	4093	
2037	2047	4084	4094	4085	2044	2037	4091	
4086	2040	2040	2040	4089	4088	4087	2039	
4087	4086	2040	4086	4087	4086	2039	4083	
2037	4081	2035	2031	4083	2029	2034	2028	
2032	2026	4079	4070	2031	4068	4078	2021	
4076	2021	4075	2021	2025	4071	4071	2024	
2023	2023	2025	4071	4074	2023	4074	2022	
2025	2023	2024	2023	2024	2021	4074	2020	
4078	4068	4078	2022	4077	4074	4077	2029	
2028	4077	4075	2028	2027	2027	2028	2026	
2032	4075	4082	4077	2034	2030	4082	2030	
2034	2033	4082	4084	2033	4083	4080	2034	
2030	4081	2030	4080	4078	2033	4078	2034	
4077	2033	2028	2033	4075	4082	2026	4081	
2027	2032	4076	4081	4077	4082	4076	4083	
4075	2037	2028	4086	4077	2038	2030	4087	
2031	2040	4080	2040	2034	4088	2035	4087	
2036	4088	4087	2040	4088	4090	4087	2045	
2039	2046	4089	4092	2042	4091	4091	4092	
4092	2046	4092	2046	4091	4092	4093	4092	
4095	2044	2046	4091	4093	2042	2044	2040	
4091	2039	2043	2040	2042	2042	2039	4090	
2036	2041	4084	4089	2037	2041	2037	4089	
4085	2041	2037	4090	2035	2040	2035	4087	
4083	2040	4081	2042	4080	2043	2032	4091	
2033	2044	2034	2044	2035	4091	4084	4092	
2037	2045	4087	2044	4088	4093	4088	2046	
4089	4095	2040	0000	2040	2048	2041	2046	
4091	4092	2044	2044	2045	2046	4093	4094	
4091	2045	2042	4092	2042	4091	2044	2044	
2044	4093	4092	2044	4092	2043	2045	4091	
2045	2043	2044	2044	2044	4091	4092	4090	
4093	4091	2046	4093	2047	2045	2046	4092	
4094	2044	4095	2044	2047	4093	4095	4093	
0000	2044	2049	4091	2050	4092	0003	4093	
2051	2046	0001	2047	2048	2047	2048	2048	
0000	4095	2049	4095	0001	2046	2049	2044	
2049	2042	0001	4090	2047	2043	2044	2043	
2041	4089	2040	4087	4089	4089	4091	4091	
2043	2044	4089	2046	2042	2046	2044	2046	
4093	2047	4093	4094	2044	4094	2043	0000	
2043	2049	4092	0000	4092	2047	4094	2046	
0000	4094	2049	0000	2049	2049	2048	2048	
2048	4095	2049	4095	2050	2049	0003	2050	
2051	0004	2051	0004	2050	2053	0003	0005	
2052	2052	2051	2051	2051	0001	0003	4095	
0002	4094	2049	2045	2048	4091	2047	2041	
2045	4090	4091	2043	4090	2043	2042	4090	
2043	2041	2044	4089	2044	2041	4092	2042	
2043	2043	2042	4091	2041	4091	2042	2041	
2044	4088	4094	2041	4093	2043	4091	2044	
4090	4092	2042	2043	4092	2042	4093	4089	
4094	2041	2047	4091	0000	4092	2049	2045	
2050	4095	0003	2049	2052	2049	2053	2050	
0005	0003	2052	2053	2050	0004	0000	2050	
2049	0000	2052	2048	0004	0000	0003	0003	
2051	0005	0002	0005	0003	0005	0004	0007	
2051	0009	0002	2057	0003	2058	2051	0011	
2051	2059	2052	0011	0005	2058	2053	0008	
0007	0006	0009	2056	0010	0009	2058	2057	
2057	2057	2057	2058	0010	0010	0011	0011	
2060	2060	0013	0011	2063	2058	2065	0010	
0018	2058	0019	2059	2066	2059	2065	2058	
0017	2058	0017	2058	2064	0010	0015	2058	
0012	0010	2058	0009	0010	2056	2059	2054	
0012	0004	2060	0005	2061	2054	2061	2053	
2060	2052	2059	2051	2059	0003	0011	0005	
2058	0009	0007	0009	0006	0007	0007	2054	
2056	2056	0009	2058	2057	2058	2056	2059	
2056	0012	2055	2059	2057	0010	2059	2059	
2060	2059	0012	2059	2060	2059	2061	0012	
2062	0013	0014	0013	0012	0014	2060	0014	
0012	0014	2060	2061	2062	2059	2062	0010	
2062	2059	2061	0012	0013	0013	2061	0014	
2061	0014	2062	0014	0015	2062	0015	2061	
2061	0013	0012	2062	0012	0014	2060	0013	
0012	0013	0012	2060	0010	0012	2056	0013	
0006	0013	2053	2061	2052	0013	0002	0013	
2051	2058	2053	0009	0004	0009	0004	0010	
0004	0008	2053	0006	0006	2054	2055	0006	
0005	0006	0002	0017	0017	2063	2063	0015	
0013	0015	0009	0016	2054	2066	0008	2064	
0012	2061	0012	0009	0011	2056	0011	2056	
2059	2058	0011	2057	2056	0009	2055	2060	
2055	0013	0008	0011	0010	2057	2059	2056	
0011	2056	2059	0008	2057	2056	2054	2055	
0007	2054	2058	0005	0011	2053	0012	2055	
2060	2056	2058	2055	2056	2054	0008	2055	
2056	0006	0007	0003	0004	2050	2049	2048	
4094	4094	2044	2044	4090	2043	4089	2041	
4090	2040	4090	4086	2043	2038	2045	4087	
2044	4088	4090	4088	4090	4087	2043	2037	
4091	2034	4089	4082	2040	2036	4090	2037	
2046	2039	2049	4088	2047	2042	4092	2043	
2045	2043	2046	4091	2047	2043	2048	4090	
2050	2044	0005	0000	0006	0001	2054	0002	
2053	0002	0006	0001	2055	2049	2056	2049	
2056	2048	0006	2049	0004	2050	0002	2048	
0002	2046	2052	2044	0005	4091	2052	4091	
2051	2046	0003	2048	2051	0003	0001	0006	
4094	0006	4093	0003	2049	2049	0005	0002	
0006	0005	2053	2056	2052	2058	2054	2059	
0009	2059	2058	0012	2059	2062	0012	2063	
0012	2063	2060	0014	2062	0013	2064	2063	
0019	0016	0019	0015	0018	0013	0017	2058	
2064	0007	2064	2054	0015	0006	0014	2055	
2061	2054	2058	2053	0007	0004	2053	0003	
2053	0001	0004	2048	0002	0001	2048	2048	
2044	2047	4090	2046	4089	2045	4087	4093	
2037	2045	2037	4093	4085	2046	2038	2047	
2039	4095	2041	2048	2043	0001	4094	2049	
2046	0002	4094	0003	4093	0003	2045	0004	
2045	2053	4093	2053	4093	0004	2045	0003	
2044	2050	2044	0000	2045	4094	2044	2046	
4091	4094	2040	4094	2038	4093	2040	4090	
4090	2041	2040	2042	2037	4091	2036	4090	
4083	4089	4082	2040	2034	4085	4082	2035	
2036	4083	4086	2036	4087	2039	4086	4088	
4085	4088	4087	2042	2041	4091	4092	4091	
2045	4093	4092	4095	4090	2048	4089	0001	
4090	2047	2043	4092	4093	2045	4094	4095	
4094	4095	2045	4094	2045	2047	2046	0000	
2047	4095	4093	4094	2043	4094	4090	2046	
4089	4092	4088	4090	2039	2040	4087	2041	
4086	2042	4083	4089	2035	2040	2035	2039	
4083	4086	2036	4086	4086	4087	4085	2039	
4083	4087	4082	4089	4082	4090	4083	2040	
1964	1937	1962	1945	1974	1941	1979	1934	
1977	1941	1987	1952	1987	1952	1976	1956	
1983	1972	1997	1979	2001	1973	2004	1969	
2005	1970	1997	1979	1989	1985	1994	1987	
2005	1993	2011	1997	2009	1993	2002	1991	
1996	1992	1994	1990	1989	1986	1989	1986	
1999	1989	2005	1998	2000	2004	1992	1996	
1983	1993	1979	2010	1994	2019	2013	2019	
2013	2018	2008	2015	2012	2018	2004	2018	
1984	2005	1992	1989	2010	1983	1999	1985	
1985	1993	1992	1996	1988	1991	1971	1986	
1963	1977	1958	1967	1956	1968	1968	1971	
1982	1961	1986	1961	1986	1982	1993	1986	
1989	1967	1971	1966	1966	1976	1970	1969	
1957	1958	1954	1966	1970	1980	1964	1970	
1945	1960	1949	1976	1957	1985	1953	1971	
1958	1963	1959	1961	1947	1949	1944	1939	
1950	1950	1951	1970	1948	1969	1943	1961	
1945	1975	1952	1987	1945	1973	1937	1964	
1955	1967	1970	1955	1958	1940	1947	1946	
1952	1949	1952	1941	1941	1937	1933	1928	
1936	1926	1944	1952	1954	1975	1964	1966	
1963	1945	1955	1934	1946	1930	1934	1927	
1928	1921	1942	1917	1961	1922	1973	1938	
1988	1954	1994	1963	1981	1959	1973	1943	
1977	1931	1975	1931	1968	1931	1967	1934	
1971	1943	1976	1946	1976	1951	1976	1966	
1983	1984	1991	1992	1995	1990	1998	1993	
2003	2003	2007	2014	2014	2022	2021	2018	
2027	2011	2028	2019	2021	2027	2017	2020	
2025	2019	2022	2023	2003	2012	1993	2002	
1992	2010	1987	2013	1985	2003	1985	1999	
1974	2000	1959	1995	1948	1992	1939	1993	
1940	1991	1950	1994	1950	1994	1946	1990	
1959	1983	1972	1978	1964	1979	1951	1979	
1948	1974	1945	1981	1936	1988	1935	1988	
1945	1996	1956	2005	1967	2000	2099	2093	
2088	2083	2078	2081	2075	2087	2068	2083	
2056	2062	2057	2056	2067	2066	2074	2056	
2078	2041	2069	2043	2056	2042	2052	2036	
2045	2036	2040	2029	2039	2021	2036	2020	
2036	2016	2040	2009	2035	2012	2030	2017	
2034	2019	2029	2013	2017	2007	2022	2014	
2034	2012	2027	2000	2008	2011	2005	2025	
2012	2017	2005	2020	2001	2030	2013	2027	
2020	2030	2015	2034	2010	2024	2010	2023	
2000	2033	1983	2025	1986	2010	1998	2010	
2005	2013	2005	2008	1992	1999	1978	1997	
1977	1996	1979	1987	1978	1979	1974	1980	
1965	1983	1964	1981	1972	1975	1971	1971	
1966	1971	1964	1971	1958	1968	1955	1956	
1966	1945	1977	1944	1972	1948	1961	1952	
1961	1957	1962	1966	1957	1980	1962	1978	
1968	1964	1963	1961	1965	1967	1969	1967	
1960	1963	1953	1955	1955	1948	1957	1946	
1958	1946	1953	1947	1944	1953	1945	1964	
1956	1967	1964	1955	1965	1951	1968	1966	
1980	1981	1995	1982	1992	1975	1975	1967	
1969	1966	1980	1977	1978	1986	1962	1982	
1957	1980	1959	1989	1952	1992	1952	1987	
1963	1983	1959	1979	1943	1970	1941	1959	
1945	1957	1935	1951	1928	1931	1935	1921	
1939	1922	1932	1918	1932	1918	1934	1918	
1925	1910	1916	1915	1915	1912	1908	1886	
1904	1875	1918	1894	1935	1907	1942	1916	
1953	1931	1964	1938	1959	1937	1956	1950	
1959	1964	1953	1967	1946	1963	1959	1953	
1970	1949	1963	1961	1956	1969	1963	1965	
1972	1962	1980	1964	1987	1977	1984	1991	
1977	1983	1978	1975	1989	1990	1997	2002	
1993	2001	1986	2002	1992	1999	2007	1993	
2012	2000	2011	2009	2011	2009	2011	2001	
2011	1990	2013	1988	2018	1991	2023	1986	
2009	1982	1985	1980	1984	1973	2000	1981	
1996	2001	1980	1997	1978	1987	1986	1994	
1980	1996	1971	1988	1976	1989	1980	1990	
1969	1982	1959	1977	1951	1974	1948	1962	