[DEBUG] ble start
create Ble_Task_Handle
Ble Task started
-7873	-4737	-6145	-7937	-6529	-12161	-10433	-17601	
-17985	-19905	-21825	-17921	-16257	-13761	-9153	-5889	
-5121	-513	-193	-20033	-17473	-22529	-24193	-28225	
-28033	25919	-32513	18367	-29633	21375	-13377	21887	
-1217	17919	-5697	24255	-14657	-27137	26048	-31168	
28736	-27584	26496	-22272	27648	-21120	25920	-24000	
16512	-30784	8064	25152	5056	20992	3456	23103	
-192	-001	-11136	0639	-12608	2943	-12288	7231	
-11008	7103	-9344	5055	-5696	7872	1664	9472	
6976	7296	2304	11583	-5568	19839	-5696	-25024	
-27200	-29056	29888	-30144	25728	-25536	26752	-28352	
26624	26880	23808	22784	23360	22720	26112	19840	
24000	1215	-13248	0191	-8064	2559	-2688	6784	
1024	4864	4160	2304	6336	4544	13888	4800	
24832	3456	26368	7168	19840	8960	19648	-4992	
-26049	-192	-23105	-192	-18497	-4416	-16769	-6208	
-14273	-5120	-11649	-4608	-17857	-5888	-26433	-11264	
-26625	-18560	-24128	-13632	-21952	-16256	-21248	-21824	
-25664	-28480	31616	-31936	28032	-31424	27712	-31616	
23744	29824	18624	25984	-15488	-24896	-14848	-29568	
-20288	31104	-25984	28928	-28800	26112	31488	26240	
30272	30976	-30464	31616	-30080	29376	32448	29567	
13759	27839	14719	28159	17087	26623	18367	24959	
18047	23551	14783	19455	8767	16191	7231	18239	
12927	21183	17407	0767	-28288	3839	-25664	9087	
-17280	9983	-11712	5823	-11904	5375	-6656	5824	
0320	2815	-640	2047	-1344	3648	1216	3904	
-4480	-3072	-5952	-7360	-7488	-14976	-9536	-20416	
-12736	-21440	-14976	-20352	-17216	-21312	-21440	-24832	
-24896	-28416	-19457	-27713	-19329	-30401	-19329	-31233	
-18305	-31041	-16129	-32257	-14913	-31681	-13313	-30017	
-11457	-30849	-11969	-21504	17087	-21440	11199	-19520	
6591	-20672	2431	-19840	2111	-17344	3327	-19265	
-449	-19457	-3393	-16001	-2817	-17729	-5121	3712	
2304	3456	3392	0960	1663	-448	1087	-192	
3007	-256	2111	-1537	-2113	-1729	-3712	0127	
-2432	3455	-3136	6271	-3584	-3553	-1697	-2176	
0287	-1664	1183	-1664	0927	-2592	0543	-4416	
0543	-5824	0415	-5985	-129	-5697	-897	-5441	
-1697	-5057	4000	11808	3328	13312	3872	14688	
4352	15424	3360	17024	3008	18816	3616	18496	
3328	16608	3168	15616	3456	15296	2400	-8417	
-12513	-7329	-13281	-6241	-13729	-6369	-14177	-6977	
-15649	-7457	-16449	-8353	-15521	-9249	-14273	-9953	
-13537	-10817	5536	20288	5664	18816	5344	17568	
6272	18496	6976	18528	8000	16512	10592	15680	
12000	15488	12288	14240	12928	14144	-2593	-4001	
-2081	-4129	-2529	-3009	-3617	-3297	-3969	-7137	
-3873	-10689	-5121	-12161	-6785	-14209	-7553	-16897	
-7649	-17985	4224	8768	7616	9728	12352	7584	
11680	7360	10016	10016	13888	10752	15808	7488	
11872	4704	9216	5440	9312	5504	10016	6592	
0416	9568	1216	12192	3712	7936	3168	3136	
0064	2687	-1728	3007	-2048	2303	-736	4864	
3808	11936	8736	16736	10112	17056	0992	3584	
3136	2720	5664	0256	5951	-224	3967	-1056	
2176	0544	2272	5344	4928	4992	7968	0128	
8192	0000	7328	4768	8192	11808	13952	14432	
14304	16128	14720	17376	14336	18976	15680	18624	
17696	16320	18720	15008	19328	15680	17536	17632	
2783	-7104	5311	-6304	7871	-5248	8127	-5280	
8543	-6144	9087	-6368	6463	-6688	2783	-7456	
2303	-8128	2175	-8992	0447	-10624	0351	-17889	
-2465	-17889	-3297	-19169	-3233	-18305	-4385	-17057	
-4545	-17985	-3361	-18753	-2689	-18209	-1633	-16961	
-449	-6209	-1473	-8769	-2209	-9409	-2465	-7361	
-1537	-6049	-2465	-5441	-3713	-3873	-2369	-2753	
-1025	-2817	-1121	-1985	-321	-2369	-5697	-2465	
-5185	-1665	-4577	-1313	-4449	-1153	-4193	-417	
-3489	-129	-3329	-705	-4289	-1601	-4993	-2081	
-5281	8255	-1760	7711	-2656	7391	-4768	7967	
-6560	8223	-7008	8063	-6656	7999	-6112	7391	
-6144	6975	-6368	6687	-5824	6559	-5344	15648	
1568	13664	0256	11455	-1376	9503	-1760	7455	
-1408	5695	-2144	5087	-2304	5151	-1120	5983	
-544	7967	-256	8864	4864	3552	4512	4448	
4288	4416	3648	3456	2944	2688	2656	2976	
2112	3232	1952	2848	3008	2496	3968	2656	
3680	3392	3104	4000	-1409	-2817	-1249	-3281	
-1057	-3521	-993	-3809	-897	-4097	-993	-3857	
-1041	-3409	-1089	-2913	-1793	-2401	-2353	-2337	
2783	-3008	2975	-2448	3999	-2640	5023	-2640	
5119	-2144	4543	-2304	4239	-3200	4687	-3824	
4927	-4224	4207	-4800	3151	-4656	0127	-304	
0055	-057	-320	0127	-504	0279	-504	0311	
-704	0223	-800	0215	-528	0111	-201	-056	
0072	0160	0560	0536	1000	-225	-441	-121	
-241	-273	-417	-465	-433	-201	-232	0055	
-376	0151	-728	0559	-896	0711	-1024	0367	
-1152	0559	-1088	0959	-584	0239	-528	0175	
-760	0367	-1000	0983	-1128	1175	-1040	1015	
-992	1247	-1040	1575	-1008	1559	-992	1591	
-1160	1759	-1208	0475	-172	0427	-192	0267	
-212	0243	-224	0343	-332	0379	-436	0339	
-492	0343	-564	0311	-572	0211	-432	0235	
-308	0391	0010	0149	-006	0067	-142	0017	
-311	-107	-355	-213	-343	-173	-311	-143	
-235	-199	-221	-169	-307	-141	-399	-257	
-501	-247	-565	-117	-399	-069	-205	-191	
-093	-361	-161	-373	-271	-283	-237	-339	
-241	-515	-393	-635	-491	-761	-561	-1035	
-691	-100	0693	-002	0594	0406	0532	0530	
0550	0344	0734	0370	0800	0594	0806	0514	
0926	0246	0896	0300	0736	0556	0622	0608	
0260	0580	0166	0626	0148	0464	0138	0539	
-002	0782	0070	0674	0242	0522	0250	0664	
0312	0964	0444	1328	0334	1397	-140	1165	
1146	1586	1340	1870	1256	1846	1104	1474	
1042	1340	0968	1504	0796	1504	0848	1334	
1116	1354	1222	1588	1428	1828	1730	1890	
-021	-398	0049	-352	0191	-298	0465	-248	
0547	-232	0505	-386	0395	-626	0405	-572	
0689	-282	0693	-206	0301	-352	0111	0218	
0620	0006	0714	0108	0614	0186	0706	0202	
0846	0296	0618	0336	0476	0452	0754	0598	
0794	0466	0716	0300	1118	0424	1320	1412	
1612	1646	1284	1568	1198	1314	1302	1356	
1468	1420	1748	1444	1840	1662	1672	1734	
1598	1606	1572	1556	1538	1482	0994	0670	
1184	0946	1062	0872	0542	0764	0378	0950	
0898	1144	1250	1150	1120	1212	1040	1456	
1020	1700	1078	1818	1502	1942	-2029	-2091	
-2053	-2035	-2027	-2013	-1987	-1667	-1873	-1289	
-1713	-1317	-1829	-1333	-1905	-1071	-1613	-1021	
-1447	-537	-1719	-599	-1459	-745	-1559	-493	
-1505	-165	-1201	-247	-1147	-525	-1381	-571	
-1367	-351	-995	-187	-895	-167	-1173	-081	
0411	0162	0417	0069	0338	0090	0271	0264	
0328	0350	0351	0287	0284	0269	0346	0324	
0479	0339	0443	0320	0376	0346	0446	-005	
-040	0083	-048	0063	-071	-080	-079	-097	
-042	0073	-040	0191	-081	0129	-128	-018	
-197	-061	-252	0044	-231	0084	-118	-745	
-417	-641	-352	-563	-316	-607	-281	-605	
-276	-530	-281	-510	-265	-520	-257	-509	
-200	-554	-114	-664	-143	-726	0214	0313	
0187	0270	0184	0216	0240	0138	0270	0121	
0270	0215	0239	0287	0149	0290	0119	0262	
0173	0232	0176	0268	0150	0330	-080	0138	
-053	0139	0055	0141	0090	0106	0025	0085	
-062	0109	-133	0134	-136	0152	-079	0144	
-042	0108	-014	0132	0054	0058	-151	0170	
-016	0216	0029	0230	-001	0292	-029	0369	
-067	0365	-093	0315	-113	0298	-175	0320	
-222	0335	-215	0298	-216	32763	32571	32741	
32590	32729	32590	-039	32580	-028	-219	-32768	
32485	0002	-328	-028	32445	-042	-312	-033	
-300	-040	16515	0032	16521	0003	-16257	-16394	
0099	-32759	-16313	16422	-32699	16425	16473	-32733	
16487	-32718	0106	0062	0111	16434	-031	16366	
-16433	32743	16329	-16402	16331	-019	-050	-029	
32730	-16418	16363	-037	32755	16339	-16397	-045	
16377	16353	32713	-16515	-064	32629	-083	-16536	
32667	32613	-16495	-147	32659	16255	-16489	-103	
-16477	16295	32686	-16479	-16475	-16492	-32570	16443	
-32562	-32717	-32533	-16321	0254	-32698	-16140	16441	
-32551	0060	-32578	0097	0183	-32657	-32584	16474	
-16433	-071	-16433	-135	16332	-147	-034	-16489	
16390	32690	-16372	16299	-16413	16293	32704	-16448	
16316	32753	-060	16399	32740	-16408	16374	16364	
32726	-16414	32694	32743	32709	32750	32727	32744	
16347	-16423	-16418	32726	32732	32734	16352	16475	
-32725	16473	-16349	-32700	16442	-16304	-32699	-16279	
16439	-16294	16449	16454	-32685	-16305	-16322	-16312	
16418	16375	-16488	-012	-087	-16392	16331	-016	
-029	16348	32739	16338	16346	32728	16342	16355	
32721	16357	-16436	32732	-042	32727	-16415	-047	
-028	-16439	-022	-067	-021	16312	-16421	16317	
32734	32722	32764	-16420	-32763	-055	16371	-057	
-16416	-32702	16475	16444	-32687	16443	0072	0052	
0071	0044	-16318	-32718	-16326	16444	0060	16439	
16452	-16341	0061	16420	0038	-16354	-16450	-16398	
-16449	32752	16329	16365	16339	-020	32728	-022	
16355	16349	32754	16328	32762	16319	32765	-16439	
16386	-16412	-16416	-16406	16346	32756	16342	16378	
-030	16366	16362	16357	16356	-16400	-028	-012	
-16408	32746	16353	-16401	-16393	-047	16380	-16423	
-32759	16353	-32746	16357	16407	-16402	16403	-010	
16396	-16403	32767	16348	-16391	32722	-16384	-16360	
16373	-16356	-16388	-16340	-16375	-16336	-32752	-16331	
-16361	-32701	-32737	16452	-32738	-16315	16421	16464	
-16333	-24601	-8195	-24605	24570	16355	24567	-027	
-24586	-16414	-24590	-029	16369	8168	16372	32747	
16376	-24594	16377	-24591	32750	16376	-24598	24566	
-16407	24574	-8209	24580	16375	-16376	-24577	0015	
0003	-24564	16384	24577	24569	-16390	-012	24567	
0004	-001	-32763	-16383	-32764	-24572	24581	8193	
-16378	24570	16383	-006	-24580	-24567	-24565	-24557	
-8168	8202	16396	-8217	-8208	-16402	24572	8178	
32766	-24589	24572	-24587	24574	8180	-24579	24563	
16381	-24583	-16383	24572	-8193	-16397	-32761	-16390	
24583	0007	8204	-24559	8213	-24565	-24556	32766	
-32763	-8196	16385	-24573	16398	8194	0016	-8200	
24580	24562	24596	-16371	24594	8202	8201	8195	
8192	32764	-8198	32762	24569	-16392	-16386	24567	
8190	16378	16377	-16380	-24576	0013	0000	-8187	
8187	-8192	8182	-24581	-16398	-008	16369	8189	
8179	16391	32759	16398	32762	-8181	8186	-32768	
16372	-005	12289	-20484	-12289	12287	0002	4093	
-20479	-4104	28668	16374	-4101	-004	24579	12288	
-8187	-20481	28672	32767	20476	-8191	28674	-28669	
-12287	12295	-4095	4101	12290	-8190	-4095	16386	
-8193	20483	28676	16390	12295	-4093	-28670	-12291	
24575	20512	0042	-24568	-32745	-20501	28655	-4108	
28671	-4084	8218	-28656	-32755	12302	16390	-4085	
-32753	20489	8208	-32753	16410	-30715	-2040	-20474	
-26618	-20474	0009	20483	-2042	-001	16383	-22533	
32765	8188	-18431	-14337	-18430	-001	-26628	8189	
-8182	-23547	-13303	7175	-30711	19464	29706	23560	
-25590	-14328	-6134	-20472	31754	-5114	-2038	-23545	
0008	31752	-11258	-24577	4089	12285	17401	9212	
32760	29692	21495	-31750	16372	-26632	12274	1016	
22515	-17415	-29706	-29703	25590	23543	24565	1009	
3058	-16397	12274	-1036	31731	-22539	6133	-26633	
-7176	-30727	3063	-6154	-14348	-20491	13300	26612	
-22539	-20493	30708	-2060	-19468	-29707	-22539	32760	
13301	-13321	28661	5110	6133	15350	-5130	5111	
4085	25589	-30732	6133	16371	-7178	13301	18428	
-22535	11262	8186	-14339	20475	8186	-24584	-14344	
-15371	-12295	20470	5114	-25609	27642	26614	-6150	
29687	14350	9230	17423	12299	-12275	31754	-10231	
-4085	1034	15372	-26611	0014	-21491	-27634	17421	
-25588	-18418	-7156	-28658	-20473	-11260	21510	13315	
-15355	9222	-25594	-25593	-1017	-28665	25607	-6137	
-22519	20487	24585	4102	-17401	-31737	9224	23547	
12279	-16390	25591	-25605	-15369	6139	-1033	-9222	
-8198	1017	-4103	28665	-21515	-8198	-9227	5116	
-10249	-25604	8203	-26618	22537	-6140	-1016	27655	
0011	-32759	-27633	30729	-1010	-24568	-28661	25606	
-9206	21511	-32757	15369	-15348	-20471	-12289	-27642	
-1027	-31740	18426	-20478	-17415	-29690	-20484	-23541	
22528	15369	21503	-21498	8189	9223	-14339	-24568	
27653	4093	-16379	4091	2052	2044	8196	-8195	
23558	-004	-26618	-12290	10246	11264	26631	25599	
12294	-24579	4099	-24580	2059	30730	-11254	16394	
15368	-15352	-32761	-2040	-21496	-22519	-19447	15368	
-13304	9223	-15353	0008	-3064	4105	-11255	28663	
-15368	23545	7159	-24581	15352	25596	-21510	29693	
-18436	-15362	-22531	-23554	14332	17404	2041	-6150	
20473	1017	-5120	-20474	22527	-17400	10239	-7161	
-32768	24581	21505	26629	-30718	21510	3071	-17404	
-10245	-28668	-16389	-24571	-002	13821	-22019	-18434	
17406	-8707	-32258	-11780	25597	-31237	-22532	-5636	
14845	-6659	30207	11774	2048	13822	31233	10239	
-13310	-28667	18947	15364	-10237	-32764	19970	-17917	
-10750	7682	-1535	-10238	-16895	18947	-4607	-19963	
-22525	9222	24579	18945	6656	12800	12287	-12289	
17919	-27136	3072	0001	1535	-3071	19967	-7167	
-8192	-10750	-20478	4610	-27646	13826	19458	10239	
-16387	-23553	31230	1533	-28164	-5123	14330	21501	
-32263	-22020	-2054	24060	29689	-2564	15865	19963	
-5640	-517	8448	-10497	-28928	31231	14080	1791	
24831	-21249	9471	28670	-18177	-28930	-9472	7935	
3584	-26882	-2048	30462	-256	0255	24063	31740	
-5633	-15875	29439	-16387	24319	-24835	0255	-31236	
-8449	-24067	15359	-002	7680	-32258	-11263	5886	
-14335	12798	-29696	-30208	22272	-15104	28160	-2560	
-25343	9216	28417	11775	-7168	-6145	-17920	-27648	
8960	-18944	20225	11264	8193	-23552	6401	-29440	
-25855	-30720	-15103	-25856	-6399	-11263	-32766	2305	
-22783	-10495	5633	13568	-26624	-18944	19456	-20224	
-20226	-5120	-4353	8704	-14593	23808	-3585	-7423	
27648	21249	11008	6144	20735	26880	12031	27392	
-11520	11520	-1792	17920	-31489	22017	5119	-26367	
15103	-3839	15103	-20991	29183	11777	-23297	22017	
-25857	-20735	-29953	-32511	-25857	30209	-15359	2048	
11264	-29441	-26881	-23297	25087	-20737	29184	5631	
22015	-25858	-258	-7170	-10754	-24578	-8194	28670	
-18690	-15105	14334	-8449	4862	-6402	-17154	-15106	
-27394	-30978	-22274	23550	-12802	21758	-11522	20222	
-3330	-29953	20222	-1792	-10752	22017	1536	-30464	
-6400	-32000	-11520	25344	-7936	15616	-25344	6912	
2560	1279	-18688	3583	-9728	18432	10752	-1537	
-11523	-5889	-31491	-25345	-20483	30463	-12291	-14081	
-26114	12031	-27394	11775	-17411	-2561	-10499	-4865	
-6146	5632	11007	-5632	20992	0000	-19712	5120	
-8704	14336	-3072	-25087	0001	3584	-255	18944	
-3583	23552	-14847	10752	-16640	-22784	4608	20481	
8448	-26111	15616	-767	2049	4608	-14848	-2560	
-14848	-15360	-15360	-30720	-17152	-28672	-13824	-16384	
-22015	11777	14081	24577	7425	6400	-26112	-19456	
30464	-22784	-24064	-12544	-28416	-11520	23552	-16128	
12288	-7936	3329	-4865	-4609	-12800	20735	-21248	
2559	32255	12799	28414	-9729	20478	-2561	7678	
-9985	4350	-15618	-3586	-11778	-14594	-3330	16895	
22015	3839	-12546	-3840	20478	-2048	18430	-3072	
5118	-7425	-15618	-1793	32255	-30977	-26881	-6401	
-15617	19967	-18178	-15617	-19201	-17409	-18689	-31233	
-18689	29183	-20993	-32385	-9217	-32000	6783	24960	
2047	8703	-13697	1279	-12929	0895	26112	12031	
-24960	28159	-18560	30079	-30592	17919	-22272	19456	
11392	-31104	28800	-25216	30208	-26752	31488	-16512	
-21888	10497	0768	29952	-6400	-22272	-22016	-17152	
-29824	-25728	-32000	-31744	-30464	-22656	-16128	-10239	
1920	-7295	11136	24831	-21504	32766	-1152	-20354	
-12672	-27393	4480	24575	20864	22911	25984	12031	
-28033	-9857	-8833	-11521	-13824	-3585	0126	-14209	
20095	0255	24831	14847	23295	6399	22271	3327	
18942	-641	22654	-13441	23806	-8577	10622	-1922	
-1410	-6018	28160	23295	-29056	25727	-23552	17791	
27392	16255	12672	5887	1919	-5121	3456	4735	
-32256	11263	-9985	-257	-15617	-10113	-9855	23936	
6273	-32256	16641	22912	3712	-257	-5632	-9345	
-7424	-10625	-1280	-18944	15360	-14464	18305	5632	
6401	11008	21632	10239	-18688	21760	3200	-27520	
11520	-14592	9088	-30848	7424	22655	-7552	11135	
-21505	-12800	4608	3072	-20864	-1154	-13441	-30082	
-12289	21630	-13057	13310	-19841	8830	-18433	17406	
-6785	24063	7295	30847	14335	-21761	10751	-22785	
-29953	-3968	-21760	6016	-9472	16000	-14209	-11008	
-20353	-22528	-29825	-1920	25600	2176	-28928	2048	
-17920	17408	-28416	10751	-15232	15487	-11648	8831	
-9985	-6017	-17665	-15361	-13057	-11393	-128	2304	
10240	23936	17152	-22528	20736	-11008	5376	17921	
16768	14465	22400	12161	12800	1537	0895	-3711	
1280	11009	5632	19713	7680	1921	5759	-18432	
-11265	-23808	-28161	5759	-22784	9215	-17152	5759	
-29697	-14849	27903	-25473	-16257	-1792	6016	17792	
8832	7168	9471	-3072	23808	1152	-28928	-2496	
21439	-15616	19263	-16960	22847	-14912	29631	-15168	
-31745	-13696	32191	-11840	31999	-6272	-27136	6400	
-26304	-11457	-19585	-20225	-25601	-20033	-19521	-16065	
-16833	-20161	-25089	-28097	-31233	-28609	-32129	-23361	
-31937	-18817	-27329	-5632	3455	-3936	3775	-1536	
3359	-2400	2047	-3520	1759	-416	6176	2080	
11776	1216	12224	2016	9120	3648	8352	3936	
15904	9248	15168	5824	12864	2336	12416	0256	
13600	0992	15104	3904	16832	6528	17792	6304	
16832	4480	14336	3040	11584	2496	24320	13728	
24544	14912	22592	14816	20384	12192	20288	10144	
21568	10784	20640	11520	18016	12320	17888	14560	
19680	15232	-8961	-6753	-6273	-8097	-5249	-9249	
-6337	-7873	-7297	-7361	-8545	-9537	-11041	-10465	
-12353	-10081	-12001	-13345	-11233	-13121	-17825	-11297	
-19521	-11937	-18209	-13697	-18689	-14753	-18849	-14849	
-16929	-14593	-16353	-12961	-15553	-11585	-19617	-12961	
-19617	-15457	-17857	-16225	-15361	-17537	-15937	-20513	
-18401	-20961	-16737	-16833	-13665	-14689	-16289	-17569	
-11745	-4065	-8577	-4641	-8001	-3265	-10401	-1345	
-12033	-705	-12417	-3073	-11425	-4833	-9313	-5377	
-10657	-8481	-12321	-11009	-11809	-13633	-16481	-18113	
-18561	-21121	-13505	-18881	-9729	-15617	-12065	-17473	
-12289	-19105	-9601	-15137	5504	1504	11456	2688	
5440	5023	-2208	8735	-640	11488	4352	16512	
7008	19968	8960	17952	9120	17024	7328	20736	
11296	25184	30208	31488	31712	29952	27232	26400	
22688	26208	26176	29440	29632	-32416	24896	29856	
18400	20512	18624	17664	22848	-7841	-513	-7552	
2143	-3840	1151	-2048	1247	-5792	1279	-6881	
-1601	-3585	-1441	-608	1824	1024	2368	1024	
3264	2560	4864	16288	16672	16320	18688	18848	
19744	21184	21568	21280	22240	18112	20256	14688	
17856	14112	16832	14464	15424	14304	14240	30080	
21088	27840	18592	29728	20448	-32192	22016	31904	
22944	31488	26112	-31392	28032	-32448	25856	28832	
23616	28224	7488	12704	8288	7936	11328	10720	
10304	12704	6880	12896	4032	13728	2112	11552	
2176	8032	1984	7263	-1664	7167	-5536	7071	
-30625	29695	-30081	-31009	-30561	-27265	-30753	-25729	
-29473	-23201	-28161	-21057	-27489	-20193	-25665	-17121	
-24129	-12641	-13473	-9313	-13057	-7809	-11681	-8097	
-7969	-6817	-7905	-5121	-9729	-6465	-8865	-8161	
-8545	-6657	-7841	-5345	-6593	25280	23136	24768	
25152	23744	26560	22304	25600	22336	24928	23808	
25952	22496	26464	19232	23872	20800	9776	12560	
9104	-289	-1313	-849	-2001	-689	-2545	-241	
-2849	-625	-2369	-1233	-1729	-1233	-1969	-689	
-2481	-289	-2529	-785	-2257	-1777	-8257	-5521	
-8177	-6769	-8737	-8433	-9089	-9441	-9313	-9009	
-9297	-8289	-8625	-7857	-7601	-8353	-7073	-10225	
-7297	-10945	7984	9408	8832	9952	8672	9040	
8272	8480	8992	9952	9744	11440	9088	11728	
8144	11872	8160	12208	9040	11520	9840	10624	
-7505	-4529	-7233	-4737	-7393	-4129	-7009	-5217	
-5729	-5153	-4593	-3361	-3681	-3185	-2785	-2833	
-2337	-1057	-1441	-785	8240	5968	7408	5472	
8016	5072	8064	3744	6976	2496	5776	2096	
4256	1280	2544	0064	0863	-1473	-545	-3937	
-1617	-5345	-2721	-5329	-11889	-4193	-12833	-3185	
-12385	-2593	-10753	-2113	-9953	-2145	-10097	-2289	
-9601	-1265	-8448	0223	-8512	0287	-4385	-1681	
-5185	-1281	-5857	-1777	-5217	-1985	-4657	-1601	
-4097	-1441	-3361	-1457	-3297	-1953	-3921	-3105	
-5409	-4193	7872	3216	7232	3456	6400	3504	
6080	3360	5952	2240	6560	1920	7616	2960	
6960	2944	5296	2448	4400	2384	3888	0976	
3791	-369	-481	-816	0359	-1200	0431	-1409	
-681	-1577	-1489	-1481	-1713	-1057	-1777	-809	
-1377	-697	-1233	-505	-1809	-641	-2257	0232	
1560	0600	2408	1120	1656	1456	0696	1712	
1400	1280	2024	0608	1416	0704	1520	1008	
2168	0448	1727	-432	0695	-032	0080	0256	
1960	0648	1895	-184	1119	-1209	-185	-2065	
-785	-1833	-217	-689	-273	-897	-1433	-2257	
-2193	-3041	-2473	-3857	-104	0183	-472	0744	
0168	1424	0936	1240	0600	1184	0000	1751	
-160	1919	-408	1783	-408	2047	-192	2207	
-600	2007	-776	1968	-3497	-2209	-3257	-2077	
-3109	-2089	-3317	-2177	-3613	-2353	-3569	-2321	
-3313	-2085	-3361	-2077	-3529	-2305	-3389	-2577	
-2053	-3013	-2113	-3321	-2461	-3401	-2681	-3301	
-2645	-3205	-2741	-3285	-2985	-3409	-2905	-3421	
-2385	-3329	-2085	-3293	-3045	-1321	-2933	-1021	
-3017	-949	-2933	-917	-2793	-1017	-2869	-1317	
-2697	-1509	-2149	-1301	-2057	-933	-2409	-593	
-1705	-2853	-1617	-2749	-1305	-2489	-1297	-2565	
-1353	-2965	-1089	-2773	-717	-2381	-685	-2313	
-877	-2153	-989	-2085	-1213	-1689	-2429	-1813	
-2329	-1917	-2433	-2001	-2653	-2049	-2649	-1961	
-2589	-1993	-2653	-2185	-2681	-2233	-2653	-2133	
1308	1168	1304	1104	1252	1016	1168	0832	
1100	0824	1120	1236	1100	1564	0880	1416	
0612	1228	0484	1104	0504	0740	0728	0552	
2832	3128	2628	3140	2760	3164	2724	3392	
2632	3732	2692	3856	2428	3604	2220	3284	
2568	3236	2920	3372	3000	3444	3024	3268	
-193	-759	-123	-719	-143	-849	-289	-913	
-367	-765	-261	-605	-035	-494	0045	-321	
-123	-255	-229	-359	-161	-387	-099	0003	
-740	0067	-666	0173	-708	0143	-785	-019	
-787	-071	-708	0035	-644	0067	-684	0005	
-725	-049	-811	-103	-997	-165	-1055	1644	
1540	1508	1476	1390	1478	1360	1436	1292	
1390	1208	1378	1214	1390	1260	1406	1260	
1392	1252	1340	1246	1304	1176	-588	-474	
-596	-459	-628	-461	-613	-456	-598	-503	
-611	-566	-575	-559	-557	-528	-633	-544	
-666	-567	-596	-535	-563	-479	-32494	0258	
0225	-32472	-32555	-32478	-32553	-32466	-32591	0319	
-32573	0293	0243	0266	-32544	0273	-32539	0267	
-32494	32648	32528	32641	-238	-122	32545	-081	
-187	-081	-185	32648	32545	32650	-266	-104	
-268	-112	-249	32662	32503	32669	32507	0124	
-32512	-32621	0208	-32635	0138	0116	0133	0141	
0173	0148	-32601	-32645	0146	-32664	0140	-32667	
0115	-32656	-32667	-150	-076	-109	-078	-113	
32697	32663	-097	32681	-108	32679	32688	-106	
-055	-124	32751	32642	-32752	32651	-013	32643	
0004	-022	-005	32740	32762	-038	-012	32747	
-32768	0004	0039	0005	0051	-32765	-32726	0004	
0059	-32768	-32696	-32764	-32716	32664	-32742	32674	
0042	32709	-32734	32715	-32708	32722	0054	-017	
0008	32750	0018	32734	-32705	-030	0075	-019	
0056	-32555	0094	0142	-32679	-32658	0110	0067	
0107	-32757	-32653	0032	-32617	0071	-32614	0032	
0121	32749	-32675	-038	0091	32700	-32675	-043	
-32667	32733	0027	32680	-045	-103	32741	32712	
-32757	32750	0035	-002	-32656	-32732	-32627	-32700	
0076	0067	-32721	16340	0047	-16432	-32709	-026	
-32717	16370	-32749	32744	16385	-16416	-32751	16348	
0039	32708	-32735	-096	-32768	-24552	8190	0014	
-16382	-32757	-8181	8207	-16369	-8179	-16373	8199	
-8183	-16378	24585	-16381	8190	8188	8181	16379	
32760	-32743	8170	0026	-16401	-16359	16372	24597	
24568	8215	16382	16406	0000	-16365	0001	-32745	
16383	24598	24568	0016	-8200	0013	-004	16398	
-16385	-24571	-16383	-8182	0002	8214	-8186	-16359	
0010	0021	8199	0020	16389	-24557	16388	-32743	
-24578	-16404	24532	24556	-045	16366	8152	8175	
16348	-022	24542	-022	-16420	-24590	-043	-8209	
16335	-24600	32718	-16397	24533	-8188	24550	32762	
24548	8183	-8225	32766	8157	8192	-16421	-8193	
32725	-8199	-8242	-8201	24523	-8191	-24628	-16374	
-049	8206	0004	24588	24578	0011	-24574	0007	
-32767	16383	24578	32764	16390	-24579	8201	24571	
0013	8187	-24560	-16385	-8177	-24555	-16422	-24558	
-8228	-24551	16352	16417	32727	-8165	-043	-8174	
24543	-32748	-029	-32743	16354	8211	8167	8207	
16363	16385	-16387	-8189	8188	24578	-8190	16389	
24587	-8182	-8178	0015	16391	-32752	0002	-24557	
24582	8219	8200	-24546	-16376	16419	8158	0037	
24541	8232	-16421	-16341	-16422	24625	8156	16434	
-8223	-32723	24550	24615	24550	-16346	24544	24613	
16414	-32755	8220	16402	-32738	-24557	0030	24592	
-8161	-16371	-24540	16398	16418	16402	8220	16405	
24603	0024	-32746	-8168	24564	-24593	24559	-009	
16366	24572	8179	24572	32757	-16386	24562	-003	
16373	16373	16378	-24592	16381	24562	-8192	-012	
24590	24556	8203	24554	-8181	32747	-16370	24553	
-32753	-021	16402	-8209	24599	-16399	0023	-8203	
8209	-009	16396	16371	8190	-8188	8187	-32766	
32763	24580	32762	16386	-010	16379	32761	-24585	
-24581	24570	-011	16386	-24588	-8179	8188	-8176	
-24565	-32752	24590	24586	-32749	24585	-32751	-8184	
0017	0008	-8170	-24563	8220	8205	-16356	16397	
8218	-16367	8215	-32750	-8210	-24590	32746	16368	
-16409	24556	-24597	32748	-8208	-16393	8175	24572	
-16399	16376	-8202	32760	8182	8188	-24588	-8193	
24528	-021	-8231	24561	-042	32734	-053	-16425	
16352	-8217	8195	8178	24578	16369	8180	-16406	
-16392	-8223	32764	16351	-8197	-027	-016	-24608	
0010	16370	-8152	16402	-16330	0039	-24520	-32732	
16441	-16358	-16323	16413	24616	-8164	-16389	24516	
8164	-24620	-16421	-8248	-16403	-043	16390	8174	
-24574	-24586	32757	16389	16387	-24546	8223	24611	
-24530	16407	-24610	24568	32730	24559	8153	-040	
24550	-24603	-8218	-16393	-034	-023	-24612	-24606	
16342	-24598	8145	-24601	-16434	8163	-8196	0041	
-008	-32737	24576	-16370	0001	-16370	8182	-24554	
24572	0024	16387	-24552	-8202	-8169	8174	8218	
8190	8230	8217	16363	8175	-8212	-023	16350	
-24593	-16418	-16386	24558	24575	-030	32752	8142	
-16421	-24625	32719	24521	-16435	24507	-24604	-24611	
-24600	-8223	-24612	8150	32724	24514	24523	-24657	
-24653	-24662	24493	-24650	32705	32710	-24627	8132	
-8240	-28719	-4130	-16433	-16413	28623	-24598	20434	
-8212	32725	-16401	4062	-28690	-24600	-12309	4075	
8171	-16406	-28695	-8215	28666	20465	-12302	-019	
20460	4075	-28684	-12304	20477	-24593	-24583	28648	
8184	12265	24571	-12304	-28683	-16403	-16403	16382	
8189	20488	16385	0016	24581	-12264	8205	8227	
8205	4134	-8187	-32733	28672	-32736	-001	-20451	
-8191	16413	4099	-24584	-24589	-20486	-24585	-12290	
32761	16383	-007	12287	-8199	28669	-20487	24569	
12283	24569	-4097	28673	-8191	8198	12288	-16398	
12256	-24588	-12328	-16397	-20525	24565	-24616	-28677	
-036	-20483	-036	-16390	-035	-24584	-8230	-12296	
-24617	-24579	12288	-8196	20478	28666	32767	28669	
8194	20484	-12286	4104	-28673	-32762	-16386	-28664	
-28673	20492	-24578	-32757	-8211	-24584	-16405	8183	
-16408	-28682	-16409	-4103	-24601	16379	20453	-12296	
-8218	-24584	4072	4088	-8217	4089	24550	-16380	
8223	-20476	16418	16390	-16356	-16380	20505	-4094	
28701	0006	-16354	-4088	-16351	-28662	12322	-12271	
16414	-28649	-4120	8169	-8214	-12308	32747	-021	
4076	-16408	24558	-24602	20460	-16412	20457	-16412	
-20505	4070	8161	4069	28640	-20507	-005	12285	
-009	-32766	4086	-8192	-20490	-8193	-24586	-32768	
-8202	-24574	-4107	-12282	24566	4102	32759	-16383	
8181	22534	24581	-24570	0005	8197	8195	-28671	
-14334	-12288	22532	-32767	-22522	2049	-10235	-2047	
-14331	-16382	4102	12288	-18426	-12290	0008	-24578	
-24567	-16386	-16375	-20482	24584	-20481	-18423	18432	
0011	28670	8204	22526	-20467	8193	-4081	28675	
-22536	26609	-10249	16367	14326	-8209	10233	-2062	
10235	24563	4088	-4110	-8202	20467	-10252	-6157	
32757	-6157	30712	-24590	-20487	-26638	28669	26610	
8190	-22538	14333	16377	-18436	26620	6140	26623	
10237	-10241	8194	18431	6151	4098	28680	-6156	
4074	14331	8174	20479	22507	22520	16362	-16396	
30702	2040	4081	30712	4082	18419	14318	6127	
4074	-020	32750	8170	26619	26620	22521	4092	
-6155	-001	28662	0003	28662	4098	30709	2046	
-10251	-16386	16376	14335	6139	4093	2044	22521	
-10244	-6157	-18445	16369	-20492	-014	-6155	4085	
24564	-22539	-30733	12275	-6160	16371	-12306	10230	
-8211	-24582	-4115	-26628	-22507	-6123	22548	-14315	
-32749	-22508	26645	12309	-24555	-28650	14355	-14316	
-16366	-30701	6160	-10223	16397	-26608	18431	4099	
-8195	-14333	26619	-30719	-16390	-16384	8186	-6146	
14331	22524	4091	-24581	-16389	-2052	14332	-20485	
-18435	-10238	18433	30723	18437	-26621	18440	18434	
-6134	8196	22540	14341	28684	-14333	-24563	22529	
-2033	8194	26640	12289	-10224	6132	-28681	-6154	
-2055	28664	8185	-12299	-6151	-24587	-18439	-6153	
-10247	-28681	6137	-28682	12282	-18441	-2054	-8200	
24567	-18438	-18441	10234	-008	24572	28664	-12292	
4088	-16390	-28679	-8199	4090	32759	28666	-28682	
10235	18421	-26629	4087	26621	16374	-28678	28661	
26618	4086	-8199	-14343	-6152	26619	8184	10235	
-28680	22524	6136	14332	18424	26620	-22537	-15357	
25605	-8189	1030	8194	20485	-6143	-30715	-11264	
-14331	-15360	14342	7167	-12282	32767	30725	-10241	
22533	13311	-29698	14337	4094	5120	-10242	6145	
1022	-20479	29695	-25599	-7169	-3070	4095	-22526	
9215	-27646	8191	-14335	-3073	6145	-3070	-27651	
-9213	-26626	24579	20478	-4094	-002	-17405	-4098	
21508	-9218	22532	-2050	30725	17406	2053	-14339	
-32763	-20483	-32767	6144	25601	20480	-28672	-20480	
-9217	-20480	16383	22527	-001	27649	11263	16386	
3071	-18431	29696	-7168	-10239	-003	12288	22525	
-9215	1022	12289	4094	19456	23549	-8192	23549	
12288	-6147	24576	-11266	5120	-6146	17409	-28674	
-12287	10244	11264	0003	18432	17411	5119	-29694	
-5121	-21502	-22528	-15357	3072	12290	-5121	3074	
-23553	20483	2047	23554	15359	14334	-22529	5118	
-002	-18433	23550	5119	-13315	-18433	-26626	14335	
-10242	-21504	9214	-26625	-26626	-8193	-26625	7168	
-28673	-16384	-4096	4096	-10240	-6144	13312	-22529	
-8192	-4096	19457	5121	18432	4097	-13313	-7167	
16384	-23552	-3072	-13315	-16385	10237	10239	31741	
1023	23549	-18433	-1026	19456	-26626	0000	32765	
-4096	26622	12288	13309	-29696	8188	-7168	-23554	
20478	14334	23549	-23553	-13314	28672	-14337	-28673	
-10241	27646	-20481	8191	22528	1024	17408	19456	
29695	22529	4097	-6654	-8701	24578	31746	-10752	
-25086	1535	18434	26623	-32254	16384	5120	-23041	
-1537	13311	-4097	24064	13824	25087	-8187	-27645	
13828	-14334	-22011	6147	8198	13316	18950	-10236	
6150	-8702	-6650	-25598	-3578	3075	-24572	-1533	
-30717	-30212	-22534	-005	-17414	-30725	14843	23036	
16379	7675	-13318	30714	-23557	26619	18940	3579	
-3077	-6660	5116	30205	7676	10756	-32763	-10235	
25094	31237	-18426	-25083	-32250	0005	17412	31236	
30211	27139	-29181	-13309	-28156	17924	5636	2564	
19462	-12281	7686	10758	-15866	28166	-27641	15878	
-29689	-24058	24583	-28154	15879	22022	7686	-15867	
32262	14340	-26619	-9727	27649	5633	-12288	18945	
-19969	-6654	6145	12803	-26110	-31228	25090	4099	
12800	-22527	-31745	-4095	2559	-12287	15871	-22020	
-32259	-10756	-8451	-27908	-3587	-30723	8701	-30211	
12797	4860	-13828	-516	-9219	-19459	-16386	8702	
15870	18942	-6913	27903	-15105	10751	-20738	-3585	
-32513	1535	27391	22783	-30721	27135	27391	18431	
4863	17406	-6401	23295	8191	-19072	-24704	-20224	
-11648	-31360	-7680	21120	-15616	14464	-25600	19584	
-15488	24193	1920	19713	2944	15616	-7936	12032	
-13313	-15360	-20737	-17536	-19329	-27264	-23297	32000	
-31745	-24064	-25473	-15616	-10113	-15488	-4481	-8192	
-4864	3200	-31425	-25985	-31553	-21953	30143	-21441	
29055	-25921	-30209	32447	-26881	27455	-28161	29055	
-26561	-29441	-24193	-25345	-23360	-7744	-24384	-7040	
-23744	-3904	-24960	-7488	-25856	-14592	-27136	-14208	
-29696	-10496	-29504	-13120	-28672	-17728	-24193	-27649	
-26561	29759	-31937	20799	27263	18239	26239	23679	
-32577	32063	-26753	-31297	-26369	30591	-29249	31423	
17760	15584	19040	18080	20448	20864	19712	19360	
18368	17920	17792	18336	18752	18112	21312	19392	
22688	20544	22560	18048	-7041	-8033	-6561	-5441	
-5089	-6945	-4673	-10465	-6497	-10433	-8385	-8353	
-7809	-6913	-5825	-5889	-4801	-4961	-4609	-5889	
-1745	-2433	-2241	-1761	-1665	-465	-064	0352	
0959	-961	-145	-2977	-1905	-2849	-2545	-2513	
-2865	-2753	-3473	-1121	-2736	-2769	-2161	-2001	
-1745	-1297	-1953	-1041	-2929	-545	-2705	-433	
-2161	-833	-2849	-1281	-3537	-1233	-3953	-737	
-4000	-881	-2497	-385	-705	-560	0287	-865	
-129	-1040	0159	-736	0383	-273	-657	-017	
-704	0047	-049	-449	-1617	-913	-3601	-657	
4752	0512	3840	0864	3263	-624	3231	-1648	
1887	-1120	1183	-704	2239	-240	1823	-736	
0815	-2144	1391	-800	1760	1840	2160	-1889	
-1841	-2913	-689	-3105	-913	-3057	-481	-2784	
0575	-2416	0223	-1888	0815	-336	2816	2016	
3600	4960	4672	7696	6608	-3120	1103	-4449	
-225	-3121	-1281	-3489	-1025	-6849	-2177	-8129	
-2129	-8753	-081	-10897	-1105	-11009	-2081	-9761	
-513	1479	-2272	1479	-2416	1527	-2824	0783	
-3104	1111	-3272	2351	-2808	2807	-2024	2359	
-2272	2015	-2704	2423	-1848	2343	-1104	0780	
2504	0812	2192	0660	1536	0532	1208	0784	
1252	0964	1280	0940	1336	1280	1452	1504	
1428	1116	1316	0924	1208	1204	-896	0675	
-664	0831	-876	0275	-1328	0023	-1368	0043	
-1201	-065	-1412	0047	-1772	0479	-1800	0683	
-1812	0479	-2148	0043	-577	-325	-369	-485	
-237	-901	-477	-1077	-753	-1025	-689	-1069	
-553	-1201	-641	-1245	-685	-1121	-541	-1069	
-653	-1121	0063	-028	0125	-156	0055	-371	
-139	-463	-251	-339	-161	-251	-163	-333	
-337	-273	-363	-079	-303	-019	-302	0033	
-176	0195	-126	0119	-180	0159	-112	0276	
0000	0374	0022	0428	0000	0373	-078	0235	
-252	0143	-372	0101	-398	0031	-415	-035	
-443	0254	1434	0284	1440	0288	1490	0290	
1506	0242	1428	0196	1370	0132	1328	0024	
1231	-050	1187	-146	1183	-242	1159	-216	
0694	0546	0888	0594	0916	0616	0802	0576	
0648	0638	0622	0734	0688	0682	0712	0680	
0754	0758	0770	0596	0656	0322	0512	0264	
-609	-599	-461	-499	-357	-379	-395	-301	
-337	-339	-239	-377	-229	-223	-187	-023	
-096	0122	0058	0286	0338	0328	0466	0226	
0081	0150	0128	0009	0031	-130	-086	-152	
-146	-137	-196	-154	-187	-210	-175	-294	
-258	-324	-329	-325	-323	-409	-348	-141	
-056	-069	-021	-040	-079	-011	-120	0008	
-077	0012	-062	0033	-045	0029	-010	-025	
-066	-040	-101	-012	-035	-051	-050	-031	
0136	0002	0125	0066	0134	0101	0075	0104	
0013	0070	-027	0043	-035	0063	0023	0056	
0059	0010	0027	-001	0019	0015	-092	0047	
-129	0048	-180	0036	-182	0025	-192	0014	
-210	-030	-197	-062	-165	-035	-113	-029	
-120	-052	-175	-050	-157	-101	-016	-015	
-003	-062	-059	-135	-161	-089	-156	-029	
-064	-051	-026	-050	-042	-015	-036	-032	
-035	-084	-078	-133	-124	-141	-003	0008	
0150	0095	0186	-008	0047	-034	0033	0138	
0185	0246	0206	0181	0095	0127	0099	0167	
0181	0158	0132	0031	-032	0215	-113	0348	
-115	0450	0133	0375	0325	0131	0256	-118	
0027	-213	-144	-179	-189	-133	-207	-118	
-267	-141	-332	-145	-038	0004	0046	-114	
0008	-110	-024	-030	0005	0021	-020	0010	
-059	-054	-016	-058	0080	0024	0096	-002	
-029	-083	-129	-003	0200	-127	0254	0099	
0478	0150	0634	0154	0524	0323	0498	0414	
0583	0424	0506	0494	0519	0511	0547	0503	
0217	0505	-037	0409	0424	0496	0457	0494	
0554	0490	0590	0556	0605	0496	0562	0363	
0437	0311	0348	0248	0268	0187	0179	0197	
0097	0230	0027	0436	0404	0383	0474	0379	
0552	0430	0450	0360	0343	0346	0387	0409	
0353	0288	0260	0123	0291	0108	0334	0084	
0359	0104	0099	0589	0124	0579	0249	0695	
0423	0793	0429	0761	0433	0714	0457	0637	
0316	0586	0267	0690	0384	0728	0358	0623	
0238	0589	-311	-253	-064	-109	0162	-008	
0100	-006	0016	0034	0032	0149	0067	0170	
0088	0081	0073	0142	0053	0261	0072	0174	
0176	-144	0153	-067	0166	-091	0156	-096	
0243	0010	0359	0094	0401	0114	0511	0167	
0679	0278	0710	0376	0683	0344	0641	0187	
0431	-008	-015	-140	-282	-016	-264	0126	
-100	0124	-106	0052	-101	0013	-059	0003	
-189	0109	-216	0300	-068	0297	-152	0232	
0004	-444	0039	-391	0047	-300	0135	-290	
0103	-483	-106	-590	-218	-562	-210	-520	
-163	-375	-006	-230	0130	-207	0139	-227	
-076	0000	-071	0016	-094	0026	-109	0100	
-045	0240	0071	0273	0025	0183	-148	0129	
-192	0105	-134	0043	-135	0007	-151	0032	
-131	-334	-108	-447	-149	-455	-081	-408	
0023	-388	0063	-297	0157	-163	0297	-201	
0274	-322	0135	-240	0134	-086	0182	-360	
-538	-328	-519	-320	-507	-374	-513	-392	
-475	-300	-355	-216	-278	-235	-316	-244	
-332	-175	-262	-127	-226	-153	-276	-315	
-110	-319	-137	-185	-067	-077	0003	-121	
-030	-173	-074	-152	-077	-144	-103	-166	
-128	-146	-083	-090	0000	-061	-116	-213	
-107	-098	-023	-105	0000	-181	0007	-212	
0026	-234	-015	-206	-054	-107	-005	-061	
0023	-042	0036	0060	0120	0124	-233	0091	
-209	0028	-265	-041	-301	-060	-285	-036	
-259	-013	-203	0018	-126	0050	-127	0013	
-221	-043	-306	-042	-358	0178	0027	0232	
0080	0213	0078	0143	0025	0094	0017	0054	
0043	0028	0036	0085	0035	0198	0074	0257	
0114	0253	0137	0253	0145	-010	-050	-039	
-103	-093	-132	-094	-121	-081	-131	-096	
-134	-071	-127	-026	-151	-069	-139	-164	
-119	-188	-164	-177	0239	0158	0194	0067	
0186	-031	0167	-035	0143	-001	0163	0008	
0206	-014	0184	-064	0103	-046	0115	0065	
0177	0104	0122	0053	-124	0103	-174	0197	
-092	0247	-013	0253	-016	0184	-043	0085	
-083	0091	-092	0141	-004	0141	0063	0110	
-017	0109	-091	-024	-132	-32742	32637	0078	
32668	-32656	-063	-32655	32702	0070	-100	0014	
-132	-32753	32642	0069	-082	-32676	-050	-32700	
-158	32498	32464	32556	-256	-106	32591	32590	
-225	32441	-348	32423	32369	-263	32439	32543	
32503	32508	-291	32500	32426	-16321	0091	-16313	
16434	16475	16425	0080	-32711	0071	0057	-16282	
16448	16513	-16296	-32649	16477	-16283	-32684	-16276	
16641	-32522	-16145	16614	16617	-16174	0258	16593	
0265	-16175	-16113	16579	16690	16570	16692	16588	
0282	-16154	-16089	32680	16288	16278	32666	16274	
16289	32670	16287	16282	32675	-16501	-087	-16501	
-099	32654	-16488	32649	-101	-16502	32666	32633	
32608	-150	-191	32624	-16594	-123	-16590	16265	
16162	-129	-244	32624	-245	-16536	32532	-16519	
32548	32639	16180	24543	8178	-035	32755	32727	
16374	-8230	-8199	-16414	-16389	32731	-16392	-8241	
-8202	24521	-16395	8129	-24594	32702	-8221	8215	
16394	-8167	-16377	-8160	-8191	-8162	-16384	-32751	
-24580	-8182	32753	16395	-24597	-24568	-24596	8194	
16363	-16384	-16329	-8152	12343	12331	-28617	-12244	
8247	0042	24633	-28634	24636	-8159	24633	28706	
24631	16422	28729	-4058	28728	-8199	-16397	32757	
8181	16370	16373	8176	32754	32752	-16400	32759	
8179	32763	12277	-009	20467	8181	-16399	16374	
-28686	24567	-30737	12277	-24596	24564	-30741	2036	
-24596	12276	14317	14323	26605	14322	-26644	-24591	
-30741	-18448	-22550	-4113	8206	-24556	26636	-14317	
-20469	-2033	10249	-2036	-24567	-10226	-24563	26639	
22543	8204	-6133	-18420	20489	-26611	-12277	-28673	
2047	-16383	22529	-14335	-28671	-4096	-26624	26624	
18430	30720	-14339	-10240	-10242	-14336	6144	16383	
-30719	-14337	10242	32766	24577	-14340	-18432	30716	
-20481	-6147	-22528	-8194	12292	2044	28677	32762	
-30716	-8197	-14330	12284	-8182	8203	18440	-10228	
26631	-6132	-6138	-26612	-8187	-12275	30726	18443	
28677	-28666	-2045	-16379	-22524	18439	-18427	20462	
-016	-28688	22513	8177	-12303	28657	26609	-20496	
-8208	-2063	-24593	20466	-14353	-20494	32752	-20497	
-10257	24558	-14321	-18420	-8177	16394	6156	-12278	
-20468	-22516	-6130	-30707	-28658	-26611	22540	30732	
4105	10251	24584	12302	0010	-30732	-010	2036	
6133	-20494	32755	-6157	30708	6130	-14349	10225	
24561	-14350	-30734	32755	-14349	26612	-12300	28661	
-12300	12297	-14327	12301	6156	0011	16393	0007	
-28665	22536	-16374	4104	-6135	-6138	-2039	-32758	
6156	-16372	-12276	-10230	-26626	-31748	-18435	13308	
14332	-12293	-4100	-6148	18430	3068	26623	25595	
-002	22524	2044	-14340	24573	21500	-10242	-31747	
-17401	-22520	-21495	29704	27655	19461	-22524	-14334	
-13308	-12287	-29693	-27649	19455	-28677	-15364	7163	
-21510	31743	16378	7164	5113	-4101	9209	27643	
-23559	23547	26617	23546	19449	-1031	-19461	22522	
16380	-26630	-7171	-7173	4094	-24581	32252	-16389	
7165	18938	-4610	3579	31230	9211	-30723	-29189	
-12803	32765	18430	1533	-1026	23037	16382	-16387	
6655	-7678	28162	-27134	9218	5633	-17919	0002	
-28159	-14333	9218	-27646	3585	-19455	10752	-5631	
-16895	13826	-14335	-23550	-25599	-7677	1282	-29693	
1026	18947	14338	30211	9986	29443	10498	10499	
29954	20739	25858	28418	-1790	3586	-14334	7682	
-18942	1793	-28927	27649	-22783	-12799	-13311	-255	
-10494	5377	-14846	5889	-6910	1282	1282	0002	
5378	5890	16130	14850	15106	21507	7683	2819	
1538	-9470	-9470	-12542	-24062	-20990	18178	13314	
13569	-16638	22017	-28158	9985	24065	-255	7426	
7681	-15488	31232	-9728	-26368	-1664	-32640	-2560	
31617	0896	-26239	9984	-28415	1408	31104	-10368	
-25984	-3968	-13696	-4352	7294	24063	8062	27007	
4350	26495	1406	13438	-3842	8318	-7426	18814	
-4482	25342	-2178	24446	-2434	24446	-5634	24446	
-8962	29823	-32001	-30721	-28673	-23425	-31617	-19073	
30463	-12929	-28161	-7809	-20353	-11649	-25601	-23041	
-31873	-29185	-25217	8832	12096	9184	13952	11456	
15776	14784	14880	14912	14720	12544	14336	10304	
13600	10464	14752	13056	15360	14592	14496	-5441	
-11009	-3905	-10433	-4865	-9633	-4385	-9409	-2721	
-10177	-38